{
  "camera_angle_x": 0.6538263961117488,
  "camera_angle_y": 1.0834712739799952,
  "fl_x": 3185.0933510614523,
  "fl_y": 3190.4745109050664,
  "k1": 0.07505915640434305,
  "k2": -0.10314074794209326,
  "k3": 0,
  "k4": 0,
  "p1": 0.0005788195826001979,
  "p2": 0.0004656930284422586,
  "is_fisheye": false,
  "cx": 1083.7238220358486,
  "cy": 1933.522765782475,
  "w": 2160.0,
  "h": 3840.0,
  "aabb_scale": 16,
  "frames": [
    {
      "file_path": "./custom_data\\images/0008.jpg",
      "sharpness": 22.8491123825492,
      "transform_matrix": [
        [
          -0.14263036374438953,
          -0.24398453299187636,
          0.959233093171977,
          4.535289465396644
        ],
        [
          0.9866573489189148,
          0.04182518800349704,
          0.1573465267264345,
          0.663495603477997
        ],
        [
          -0.07851022330233684,
          0.9688767730452613,
          0.23476359072036798,
          1.151711738471998
        ],
        [
          0.0,
          0.0,
          0.0,
          1.0
        ]
      ]
    },
    {
      "file_path": "./custom_data\\images/0006.jpg",
      "sharpness": 30.60490873035143,
      "transform_matrix": [
        [
          -0.0467193944839733,
          -0.2406445637100974,
          0.96948826304047,
          4.562493933753856
        ],
        [
          0.9969984787251012,
          0.04874969409150538,
          0.06014566273573402,
          0.11688583127068203
        ],
        [
          -0.0617359830166232,
          0.9693882923370402,
          0.23764470774319865,
          1.1705798346756937
        ],
        [
          0.0,
          0.0,
          0.0,
          1.0
        ]
      ]
    },
    {
      "file_path": "./custom_data\\images/0007.jpg",
      "sharpness": 34.34630002732974,
      "transform_matrix": [
        [
          -0.07978548788856332,
          -0.24205248109116237,
          0.9669771829559352,
          4.5780251410885375
        ],
        [
          0.9945075139811832,
          0.04659611136209715,
          0.0937208997022537,
          0.2758690392871187
        ],
        [
          -0.06774275280464825,
          0.9691436420061342,
          0.2370053177442145,
          1.1714197898921517
        ],
        [
          0.0,
          0.0,
          0.0,
          1.0
        ]
      ]
    },
    {
      "file_path": "./custom_data\\images/0005.jpg",
      "sharpness": 41.78326374848081,
      "transform_matrix": [
        [
          -0.03313043908321928,
          -0.23742120914784307,
          0.9708416675701186,
          4.508274026364316
        ],
        [
          0.9977991781828516,
          0.04796772086568905,
          0.0457809761001174,
          0.06461498032265038
        ],
        [
          -0.05743843681644192,
          0.970221761886989,
          0.23530949571679508,
          1.1630721496190162
        ],
        [
          0.0,
          0.0,
          0.0,
          1.0
        ]
      ]
    },
    {
      "file_path": "./custom_data\\images/0003.jpg",
      "sharpness": 45.147544608172396,
      "transform_matrix": [
        [
          -0.034918729181165904,
          -0.23362379151004364,
          0.9716998540857376,
          4.456797925470583
        ],
        [
          0.9980207495655287,
          0.04273007950927569,
          0.046138094259448266,
          0.028110323725621476
        ],
        [
          -0.05229976853817525,
          0.9713877003457435,
          0.23166931144492037,
          1.148465539854448
        ],
        [
          0.0,
          0.0,
          0.0,
          1.0
        ]
      ]
    },
    {
      "file_path": "./custom_data\\images/0002.jpg",
      "sharpness": 45.538277749779894,
      "transform_matrix": [
        [
          -0.03904016126287976,
          -0.23302583618191608,
          0.9716865881124874,
          4.449007377262914
        ],
        [
          0.9979159413242017,
          0.04090669588627329,
          0.04990407080392291,
          0.020724243012090415
        ],
        [
          -0.05137742558465372,
          0.971609799220234,
          0.23094319266220423,
          1.1388877988833432
        ],
        [
          0.0,
          0.0,
          0.0,
          1.0
        ]
      ]
    },
    {
      "file_path": "./custom_data\\images/0004.jpg",
      "sharpness": 48.86069818009463,
      "transform_matrix": [
        [
          -0.03244834778803588,
          -0.23491858843611338,
          0.9714732943166327,
          4.481050576696792
        ],
        [
          0.9980010370380882,
          0.04512429633356606,
          0.044246219628381475,
          0.03546464928753406
        ],
        [
          -0.05423130827162297,
          0.9709670719056148,
          0.23298478601764303,
          1.160093819589387
        ],
        [
          0.0,
          0.0,
          0.0,
          1.0
        ]
      ]
    },
    {
      "file_path": "./custom_data\\images/0001.jpg",
      "sharpness": 45.791140166536834,
      "transform_matrix": [
        [
          -0.0421339690004603,
          -0.2330671890881979,
          0.9715474327402623,
          4.445503699595589
        ],
        [
          0.9978011873257022,
          0.039978534725841536,
          0.05286309991568407,
          0.01679269812571249
        ],
        [
          -0.0511616968814458,
          0.9716385141445872,
          0.23087026365604538,
          1.1383678856737571
        ],
        [
          0.0,
          0.0,
          0.0,
          1.0
        ]
      ]
    },
    {
      "file_path": "./custom_data\\images/0009.jpg",
      "sharpness": 16.629620665939953,
      "transform_matrix": [
        [
          -0.20257252960697691,
          -0.24631757059290513,
          0.9477826885437607,
          4.533684880370687
        ],
        [
          0.9755850869983409,
          0.0330904098156513,
          0.21711463056361227,
          1.1459464410505669
        ],
        [
          -0.08484166592069793,
          0.9686241165864414,
          0.2336005405140113,
          1.125689586606129
        ],
        [
          0.0,
          0.0,
          0.0,
          1.0
        ]
      ]
    },
    {
      "file_path": "./custom_data\\images/0011.jpg",
      "sharpness": 12.513973762592398,
      "transform_matrix": [
        [
          -0.3471983873577027,
          -0.2551705965866445,
          0.9024085806835096,
          4.236583249823979
        ],
        [
          0.9329789639471495,
          0.0033767477131302816,
          0.3599150599892806,
          1.6804491891227507
        ],
        [
          -0.09488694668911483,
          0.9668901510771478,
          0.23689639747267086,
          0.9853093933993222
        ],
        [
          0.0,
          0.0,
          0.0,
          1.0
        ]
      ]
    },
    {
      "file_path": "./custom_data\\images/0013.jpg",
      "sharpness": 14.262494453688983,
      "transform_matrix": [
        [
          -0.49180530300474345,
          -0.2393788612775941,
          0.8371530951667411,
          3.91530383975137
        ],
        [
          0.8665256301017855,
          -0.04046771003113771,
          0.4974893936775349,
          2.2157557125838725
        ],
        [
          -0.08521077584933189,
          0.9700825352802467,
          0.22733015299538686,
          1.0244213825901052
        ],
        [
          0.0,
          0.0,
          0.0,
          1.0
        ]
      ]
    },
    {
      "file_path": "./custom_data\\images/0010.jpg",
      "sharpness": 25.672482744240316,
      "transform_matrix": [
        [
          -0.2655653860256645,
          -0.25032173327817564,
          0.9310284934582022,
          4.443667261163341
        ],
        [
          0.9599408881143071,
          0.020872156042302265,
          0.279424130004127,
          1.474363236234846
        ],
        [
          -0.08937850453766855,
          0.9679376958194233,
          0.23475114478080267,
          1.0662939186288498
        ],
        [
          0.0,
          0.0,
          0.0,
          1.0
        ]
      ]
    },
    {
      "file_path": "./custom_data\\images/0012.jpg",
      "sharpness": 21.96966771789739,
      "transform_matrix": [
        [
          -0.41429668974986034,
          -0.2499378697479842,
          0.8751510236328057,
          4.014160994785874
        ],
        [
          0.905650246025444,
          -0.017798855781393903,
          0.42365178225404415,
          1.9496154907451226
        ],
        [
          -0.09030993711493311,
          0.9680982708569487,
          0.23373030025990393,
          0.9820426484394431
        ],
        [
          0.0,
          0.0,
          0.0,
          1.0
        ]
      ]
    },
    {
      "file_path": "./custom_data\\images/0014.jpg",
      "sharpness": 24.605023256220623,
      "transform_matrix": [
        [
          -0.5667319114888608,
          -0.22819118279580386,
          0.7916714751914673,
          3.810946340657299
        ],
        [
          0.820177103363746,
          -0.06498470432368256,
          0.5684069909157701,
          2.631317647040472
        ],
        [
          -0.0782589268296622,
          0.9714451978035674,
          0.2239860890175086,
          1.0195235197374106
        ],
        [
          0.0,
          0.0,
          0.0,
          1.0
        ]
      ]
    },
    {
      "file_path": "./custom_data\\images/0015.jpg",
      "sharpness": 17.908216222338314,
      "transform_matrix": [
        [
          -0.624500595986719,
          -0.21913358702472677,
          0.7496529041411826,
          3.6554789054523327
        ],
        [
          0.7777916156235889,
          -0.0872528498487865,
          0.622436456884568,
          2.9201630222173423
        ],
        [
          -0.0709873812083397,
          0.9717856817571602,
          0.22492972342146145,
          1.006714339348402
        ],
        [
          0.0,
          0.0,
          0.0,
          1.0
        ]
      ]
    },
    {
      "file_path": "./custom_data\\images/0016.jpg",
      "sharpness": 31.151180433811607,
      "transform_matrix": [
        [
          -0.6744773080270765,
          -0.21118800745839547,
          0.7074461014803183,
          3.35374676462551
        ],
        [
          0.7352178209689849,
          -0.10472548580057293,
          0.6696919652747476,
          3.0318772059958836
        ],
        [
          -0.06734327510202318,
          0.9718190151292371,
          0.22590415040294146,
          0.9239630685896347
        ],
        [
          0.0,
          0.0,
          0.0,
          1.0
        ]
      ]
    },
    {
      "file_path": "./custom_data\\images/0017.jpg",
      "sharpness": 32.142442247049985,
      "transform_matrix": [
        [
          -0.7166900933359875,
          -0.20169350986954382,
          0.6675889740161662,
          3.0123487478607998
        ],
        [
          0.6944351311909146,
          -0.11834209457939156,
          0.7097569987104893,
          3.119393754151537
        ],
        [
          -0.0641495027212117,
          0.9722730464042154,
          0.22487766579629315,
          0.934201575737437
        ],
        [
          0.0,
          0.0,
          0.0,
          1.0
        ]
      ]
    },
    {
      "file_path": "./custom_data\\images/0018.jpg",
      "sharpness": 20.68413158209519,
      "transform_matrix": [
        [
          -0.7677728857908447,
          -0.18829037143249072,
          0.612430838468813,
          2.7945041191420077
        ],
        [
          0.637273259703191,
          -0.12537085374689302,
          0.7603715812010247,
          3.248660048066314
        ],
        [
          -0.06638967037129058,
          0.9740784799458372,
          0.2162487609488219,
          0.9297324000441557
        ],
        [
          0.0,
          0.0,
          0.0,
          1.0
        ]
      ]
    },
    {
      "file_path": "./custom_data\\images/0019.jpg",
      "sharpness": 22.29212033805967,
      "transform_matrix": [
        [
          -0.8136236132645904,
          -0.17381401736457677,
          0.5548020397792878,
          2.4805616397722794
        ],
        [
          0.5779056859884135,
          -0.13743718791731246,
          0.8044476598758583,
          3.5284541946758186
        ],
        [
          -0.06357384732450136,
          0.9751408650968606,
          0.212270250369686,
          0.8960278943093867
        ],
        [
          0.0,
          0.0,
          0.0,
          1.0
        ]
      ]
    },
    {
      "file_path": "./custom_data\\images/0020.jpg",
      "sharpness": 30.446943832394997,
      "transform_matrix": [
        [
          -0.8581327699000728,
          -0.1596902601263004,
          0.4879622629689951,
          2.130657317862248
        ],
        [
          0.5095973927023049,
          -0.14903526324121244,
          0.8474072147803188,
          3.807838829965025
        ],
        [
          -0.0625990942478109,
          0.9758521973988575,
          0.2092697834582837,
          0.8493074641416118
        ],
        [
          0.0,
          0.0,
          0.0,
          1.0
        ]
      ]
    },
    {
      "file_path": "./custom_data\\images/0021.jpg",
      "sharpness": 33.34506026132792,
      "transform_matrix": [
        [
          -0.8998878881404039,
          -0.147469329786298,
          0.41043219365442507,
          1.8299331547191897
        ],
        [
          0.43121034832929983,
          -0.16002786526590831,
          0.8879463485100112,
          3.8592691674725814
        ],
        [
          -0.06526426511404029,
          0.9760347735339407,
          0.20759743878279335,
          0.8100424777558956
        ],
        [
          0.0,
          0.0,
          0.0,
          1.0
        ]
      ]
    },
    {
      "file_path": "./custom_data\\images/0022.jpg",
      "sharpness": 23.551222020111084,
      "transform_matrix": [
        [
          -0.9348890542068773,
          -0.13706594740150324,
          0.32740705921604435,
          1.5117880997257904
        ],
        [
          0.3477653660342063,
          -0.16919521998943648,
          0.92218882433042,
          3.855020428449885
        ],
        [
          -0.07100497547977443,
          0.9760050735688695,
          0.20584554856115791,
          0.8015960317828325
        ],
        [
          0.0,
          0.0,
          0.0,
          1.0
        ]
      ]
    },
    {
      "file_path": "./custom_data\\images/0023.jpg",
      "sharpness": 16.74891275518387,
      "transform_matrix": [
        [
          -0.9639770426668812,
          -0.1315451580963234,
          0.23117987072845814,
          1.0924652847190022
        ],
        [
          0.2524920955923705,
          -0.17924496228124673,
          0.9508517156530083,
          3.879105915478043
        ],
        [
          -0.08364211205282936,
          0.9749703148889193,
          0.20600214128558333,
          0.7815235110418599
        ],
        [
          0.0,
          0.0,
          0.0,
          1.0
        ]
      ]
    },
    {
      "file_path": "./custom_data\\images/0024.jpg",
      "sharpness": 19.735318761157423,
      "transform_matrix": [
        [
          -0.9788326677597897,
          -0.12305798561220957,
          0.16353391312115498,
          0.6772064506176457
        ],
        [
          0.1849710034882059,
          -0.18994383230103723,
          0.9642131861987073,
          3.938668636416818
        ],
        [
          -0.08759187422492616,
          0.9740523973504214,
          0.20868538718167015,
          0.7779583478167929
        ],
        [
          0.0,
          0.0,
          0.0,
          1.0
        ]
      ]
    },
    {
      "file_path": "./custom_data\\images/0025.jpg",
      "sharpness": 30.362262971839083,
      "transform_matrix": [
        [
          -0.9882783228602287,
          -0.11371103376214126,
          0.10186146181318381,
          0.40530724618940955
        ],
        [
          0.12336072923900161,
          -0.20176227838931846,
          0.9716347634275313,
          3.9376476398490214
        ],
        [
          -0.08993379277308365,
          0.9728112786434808,
          0.2134247621504727,
          0.7526160281228435
        ],
        [
          0.0,
          0.0,
          0.0,
          1.0
        ]
      ]
    },
    {
      "file_path": "./custom_data\\images/0026.jpg",
      "sharpness": 38.69084864485487,
      "transform_matrix": [
        [
          -0.9942878001069749,
          -0.09928552333779912,
          0.03916829650841646,
          0.16926743607562664
        ],
        [
          0.05976508154130808,
          -0.21386059390330195,
          0.9750342462722987,
          3.8320733017388373
        ],
        [
          -0.08843023025995114,
          0.971805552189706,
          0.2185727868398403,
          0.722734002258802
        ],
        [
          0.0,
          0.0,
          0.0,
          1.0
        ]
      ]
    },
    {
      "file_path": "./custom_data\\images/0027.jpg",
      "sharpness": 15.279029937757864,
      "transform_matrix": [
        [
          -0.9962472199835398,
          -0.0832390922830909,
          -0.023721935594622646,
          -0.15173168841280865
        ],
        [
          -0.004515832704245826,
          -0.22371191363835868,
          0.9746448517030976,
          3.703786483449177
        ],
        [
          -0.08643543236123244,
          0.9710943482730465,
          0.22249647822420887,
          0.7326399128451128
        ],
        [
          0.0,
          0.0,
          0.0,
          1.0
        ]
      ]
    },
    {
      "file_path": "./custom_data\\images/0031.jpg",
      "sharpness": 25.642475887068876,
      "transform_matrix": [
        [
          -0.9459190255044091,
          -0.004920577730542746,
          -0.32436551163924043,
          -1.4830427517738398
        ],
        [
          -0.3149587576250601,
          -0.22557697561784595,
          0.9219088941248403,
          3.7352208417897987
        ],
        [
          -0.077705715484335,
          0.9742129212967291,
          0.21182777390385543,
          0.6719518883835685
        ],
        [
          0.0,
          0.0,
          0.0,
          1.0
        ]
      ]
    },
    {
      "file_path": "./custom_data\\images/0030.jpg",
      "sharpness": 20.88635645603431,
      "transform_matrix": [
        [
          -0.967688308909817,
          -0.0229373361123416,
          -0.2511039932950625,
          -1.0802641266248383
        ],
        [
          -0.23951456539250526,
          -0.22766731217023284,
          0.9438222120368446,
          3.7431753831428205
        ],
        [
          -0.07881693853648195,
          0.9734687840998473,
          0.21481717021784688,
          0.7144396090547004
        ],
        [
          0.0,
          0.0,
          0.0,
          1.0
        ]
      ]
    },
    {
      "file_path": "./custom_data\\images/0028.jpg",
      "sharpness": 37.90978274169114,
      "transform_matrix": [
        [
          -0.9931465353578854,
          -0.06377020353802991,
          -0.09794549752156177,
          -0.3372729249468231
        ],
        [
          -0.0811362875943944,
          -0.22701080997910217,
          0.9705065661746619,
          3.6742167853357843
        ],
        [
          -0.08412408798612855,
          0.9718021677939295,
          0.22028092184531803,
          0.731885319416923
        ],
        [
          0.0,
          0.0,
          0.0,
          1.0
        ]
      ]
    },
    {
      "file_path": "./custom_data\\images/0029.jpg",
      "sharpness": 39.32739161042162,
      "transform_matrix": [
        [
          -0.9846323658823708,
          -0.04239835577931527,
          -0.169415121879647,
          -0.6373108941852942
        ],
        [
          -0.15554077888785448,
          -0.22820876845899066,
          0.9611076027695818,
          3.692625425639983
        ],
        [
          -0.0794113984069135,
          0.9726886127950883,
          0.21810706632139906,
          0.720988405098015
        ],
        [
          0.0,
          0.0,
          0.0,
          1.0
        ]
      ]
    },
    {
      "file_path": "./custom_data\\images/0032.jpg",
      "sharpness": 40.83825448206236,
      "transform_matrix": [
        [
          -0.9144633904789663,
          0.015223488610768785,
          -0.4043821866818953,
          -1.6953709202501177
        ],
        [
          -0.39747634998689846,
          -0.22135583674241924,
          0.890513416373531,
          3.5782794816732983
        ],
        [
          -0.07595563644480088,
          0.9750742735659872,
          0.20847278565685676,
          0.660431021496632
        ],
        [
          0.0,
          0.0,
          0.0,
          1.0
        ]
      ]
    },
    {
      "file_path": "./custom_data\\images/0033.jpg",
      "sharpness": 25.586306302298862,
      "transform_matrix": [
        [
          -0.8786659497584339,
          0.038074809513052844,
          -0.4759164397801925,
          -1.8874513822818326
        ],
        [
          -0.47243041505276256,
          -0.21331776255014823,
          0.8551637475441618,
          3.308552496020334
        ],
        [
          -0.06896123330453055,
          0.9762406676106624,
          0.20542275249277658,
          0.6763192490779146
        ],
        [
          0.0,
          0.0,
          0.0,
          1.0
        ]
      ]
    },
    {
      "file_path": "./custom_data\\images/0034.jpg",
      "sharpness": 40.026704159364826,
      "transform_matrix": [
        [
          -0.8346010669208621,
          0.06392446085749133,
          -0.5471331852812776,
          -2.0821190488056582
        ],
        [
          -0.54784798112316,
          -0.19996057638566692,
          0.8123289712123353,
          3.0239522146958255
        ],
        [
          -0.05747737556490107,
          0.9777164370263737,
          0.20190819721875147,
          0.6808512638432827
        ],
        [
          0.0,
          0.0,
          0.0,
          1.0
        ]
      ]
    },
    {
      "file_path": "./custom_data\\images/0035.jpg",
      "sharpness": 16.94430553490257,
      "transform_matrix": [
        [
          -0.77987364338352,
          0.09038557005716717,
          -0.6193767424746867,
          -2.1959266999645184
        ],
        [
          -0.6244723029098334,
          -0.18000409950929508,
          0.7600216227571676,
          2.887334152355212
        ],
        [
          -0.0427953651574767,
          0.9795044527318467,
          0.19682373799170103,
          0.7266910098515371
        ],
        [
          0.0,
          0.0,
          0.0,
          1.0
        ]
      ]
    },
    {
      "file_path": "./custom_data\\images/0037.jpg",
      "sharpness": 22.134452520884153,
      "transform_matrix": [
        [
          -0.6655913158637992,
          0.13290096226748646,
          -0.7343878638107199,
          -2.793707529886415
        ],
        [
          -0.746053596615881,
          -0.1445966552481413,
          0.6499967986595477,
          2.4572306444483716
        ],
        [
          -0.019804828749218035,
          0.9805249316341068,
          0.1953935189294842,
          0.726985118389543
        ],
        [
          0.0,
          0.0,
          0.0,
          1.0
        ]
      ]
    },
    {
      "file_path": "./custom_data\\images/0036.jpg",
      "sharpness": 38.70312981106892,
      "transform_matrix": [
        [
          -0.7264194060720442,
          0.11420747158651005,
          -0.6776957281502923,
          -2.438080889995348
        ],
        [
          -0.6866857013919012,
          -0.16062797356613376,
          0.7089861787172244,
          2.711737479974361
        ],
        [
          -0.027885372646131158,
          0.9803852852722332,
          0.1951079148870452,
          0.7249580518693196
        ],
        [
          0.0,
          0.0,
          0.0,
          1.0
        ]
      ]
    },
    {
      "file_path": "./custom_data\\images/0038.jpg",
      "sharpness": 38.97673245309026,
      "transform_matrix": [
        [
          -0.5949486402072871,
          0.1497865652725825,
          -0.7896835444763561,
          -3.0783833005700587
        ],
        [
          -0.8036284070510273,
          -0.1288809174066956,
          0.5810086853990553,
          2.2092896472049546
        ],
        [
          -0.014747844293620907,
          0.9802824562487353,
          0.19705026540743154,
          0.7094316405467106
        ],
        [
          0.0,
          0.0,
          0.0,
          1.0
        ]
      ]
    },
    {
      "file_path": "./custom_data\\images/0039.jpg",
      "sharpness": 34.46413760361144,
      "transform_matrix": [
        [
          -0.5242975902954522,
          0.16489773363702015,
          -0.835416527421595,
          -3.1598909431293136
        ],
        [
          -0.851493743298419,
          -0.11119375465132689,
          0.5124396101496139,
          1.8877862301853878
        ],
        [
          -0.008392970042270805,
          0.9800227989209639,
          0.1987080060956065,
          0.6684699290203513
        ],
        [
          0.0,
          0.0,
          0.0,
          1.0
        ]
      ]
    },
    {
      "file_path": "./custom_data\\images/0040.jpg",
      "sharpness": 41.310213153468254,
      "transform_matrix": [
        [
          -0.4484394966278935,
          0.18018136823705508,
          -0.8754637013844394,
          -3.1183719016749087
        ],
        [
          -0.8938128841600457,
          -0.0912093853100171,
          0.4390664825979895,
          1.5514300250628912
        ],
        [
          -0.000738906482970144,
          0.9793954883542779,
          0.20195031925202936,
          0.6498832880487292
        ],
        [
          0.0,
          0.0,
          0.0,
          1.0
        ]
      ]
    },
    {
      "file_path": "./custom_data\\images/0041.jpg",
      "sharpness": 29.009015234864275,
      "transform_matrix": [
        [
          -0.3885263255952907,
          0.18941651909484405,
          -0.9017586576522643,
          -3.157366410159977
        ],
        [
          -0.9213803981543653,
          -0.06895622781559192,
          0.3824960137602074,
          1.2634352294185036
        ],
        [
          0.01026918806236012,
          0.9794725218078891,
          0.20131597760072523,
          0.7165617402828449
        ],
        [
          0.0,
          0.0,
          0.0,
          1.0
        ]
      ]
    },
    {
      "file_path": "./custom_data\\images/0043.jpg",
      "sharpness": 44.34079497849137,
      "transform_matrix": [
        [
          -0.2693414243641375,
          0.19334326130010757,
          -0.9434371099701004,
          -3.2687295792847078
        ],
        [
          -0.9629338347837703,
          -0.03919958117710652,
          0.2668741700956904,
          0.9853928017459418
        ],
        [
          0.014615982825292698,
          0.9803477832803974,
          0.19673483906203282,
          0.7534329490418603
        ],
        [
          0.0,
          0.0,
          0.0,
          1.0
        ]
      ]
    },
    {
      "file_path": "./custom_data\\images/0042.jpg",
      "sharpness": 48.18369766071245,
      "transform_matrix": [
        [
          -0.3300140123391885,
          0.1926449508096745,
          -0.9241096659080712,
          -3.1954917173097397
        ],
        [
          -0.9438404513567582,
          -0.05074761719847479,
          0.3264810587636735,
          1.1447039774529593
        ],
        [
          0.015998563930905093,
          0.9799554083291642,
          0.19857352209212573,
          0.7444922876998434
        ],
        [
          0.0,
          0.0,
          0.0,
          1.0
        ]
      ]
    },
    {
      "file_path": "./custom_data\\images/0045.jpg",
      "sharpness": 29.496468647519116,
      "transform_matrix": [
        [
          -0.11501279447189265,
          0.19784071896508787,
          -0.9734634595425464,
          -3.630400748648387
        ],
        [
          -0.993354045707001,
          -0.01851661796600769,
          0.11359962472092962,
          0.33188034471917593
        ],
        [
          0.004449380444735392,
          0.9800592761746347,
          0.19865552656599086,
          0.799187945185213
        ],
        [
          0.0,
          0.0,
          0.0,
          1.0
        ]
      ]
    },
    {
      "file_path": "./custom_data\\images/0044.jpg",
      "sharpness": 25.596572866138864,
      "transform_matrix": [
        [
          -0.1948204368481852,
          0.1955683555885131,
          -0.9611441180780779,
          -3.413406311349535
        ],
        [
          -0.9808144793343876,
          -0.03192562141013665,
          0.1923114968630117,
          0.7050818081285105
        ],
        [
          0.006924919967924302,
          0.9801702775678403,
          0.19803603837060268,
          0.7689136462450211
        ],
        [
          0.0,
          0.0,
          0.0,
          1.0
        ]
      ]
    },
    {
      "file_path": "./custom_data\\images/0047.jpg",
      "sharpness": 22.128616776285405,
      "transform_matrix": [
        [
          0.04719968491118717,
          0.2012503546508264,
          -0.9784020055859458,
          -3.613803609567626
        ],
        [
          -0.9986582541137461,
          0.03039828413529445,
          -0.04192416740040266,
          -0.259451120890599
        ],
        [
          0.021304488606571886,
          0.9790680462113109,
          0.20241511724839314,
          0.7580524441593705
        ],
        [
          0.0,
          0.0,
          0.0,
          1.0
        ]
      ]
    },
    {
      "file_path": "./custom_data\\images/0046.jpg",
      "sharpness": 29.971941651421115,
      "transform_matrix": [
        [
          -0.0311347076814265,
          0.19959716026088045,
          -0.9793832771855888,
          -3.7546168925805556
        ],
        [
          -0.9994782458195367,
          0.002208332224640262,
          0.03222358456765059,
          0.0035825069092383682
        ],
        [
          0.00859453962441209,
          0.9798755517524036,
          0.19942426382982825,
          0.8005032970157435
        ],
        [
          0.0,
          0.0,
          0.0,
          1.0
        ]
      ]
    },
    {
      "file_path": "./custom_data\\images/0048.jpg",
      "sharpness": 17.245795064729418,
      "transform_matrix": [
        [
          0.12154863185045821,
          0.20224195777527978,
          -0.9717634077530923,
          -3.3983313549514236
        ],
        [
          -0.9918425803323023,
          0.06261832076430471,
          -0.11102811240636283,
          -0.48146793250796194
        ],
        [
          0.03839564995254031,
          0.9773316409782715,
          0.20820335646896468,
          0.8162212139573406
        ],
        [
          0.0,
          0.0,
          0.0,
          1.0
        ]
      ]
    },
    {
      "file_path": "./custom_data\\images/0049.jpg",
      "sharpness": 19.593476072200968,
      "transform_matrix": [
        [
          0.1936808648786526,
          0.2004288306661429,
          -0.9603728476248479,
          -3.2630799981848546
        ],
        [
          -0.9795700759666028,
          0.09352047409942538,
          -0.17803479209161532,
          -0.6010840709828491
        ],
        [
          0.05413121882527867,
          0.9752344358149302,
          0.2144472111889693,
          0.8156607090550337
        ],
        [
          0.0,
          0.0,
          0.0,
          1.0
        ]
      ]
    },
    {
      "file_path": "./custom_data\\images/0051.jpg",
      "sharpness": 12.441887176648539,
      "transform_matrix": [
        [
          0.34392696304488823,
          0.1939597367431324,
          -0.9187458106846824,
          -3.1695111383094026
        ],
        [
          -0.9365767492058669,
          0.14105451896113927,
          -0.3208233400607163,
          -0.9090191353187274
        ],
        [
          0.06736643779446082,
          0.9708157617385686,
          0.23017063204577112,
          0.8511370699439184
        ],
        [
          0.0,
          0.0,
          0.0,
          1.0
        ]
      ]
    },
    {
      "file_path": "./custom_data\\images/0050.jpg",
      "sharpness": 13.446803743458029,
      "transform_matrix": [
        [
          0.2672673144894016,
          0.197948213408458,
          -0.943071941821737,
          -3.210626361218568
        ],
        [
          -0.9614301371401217,
          0.12075572899761464,
          -0.24712374493982253,
          -0.7046767577449129
        ],
        [
          0.06496363603023454,
          0.9727458860153048,
          0.22258743736233852,
          0.8251947949730253
        ],
        [
          0.0,
          0.0,
          0.0,
          1.0
        ]
      ]
    },
    {
      "file_path": "./custom_data\\images/0053.jpg",
      "sharpness": 17.34303722933336,
      "transform_matrix": [
        [
          0.4713981864795189,
          0.18467774528141853,
          -0.8623676015592141,
          -3.033826174003176
        ],
        [
          -0.879479744388351,
          0.17113773559992723,
          -0.4441027523720516,
          -1.4741096414408306
        ],
        [
          0.06556774360424149,
          0.9677840698668416,
          0.24309435441433627,
          0.9157838506025767
        ],
        [
          0.0,
          0.0,
          0.0,
          1.0
        ]
      ]
    },
    {
      "file_path": "./custom_data\\images/0059.jpg",
      "sharpness": 21.020080654153563,
      "transform_matrix": [
        [
          0.7907092192384545,
          0.14560817464912787,
          -0.5946235701047025,
          -2.0907815613828995
        ],
        [
          -0.6117577731455879,
          0.2245076480076069,
          -0.7585174638610149,
          -2.6858867846896097
        ],
        [
          0.023051195821804846,
          0.9635323427354082,
          0.266597199744301,
          1.0005738494906202
        ],
        [
          0.0,
          0.0,
          0.0,
          1.0
        ]
      ]
    },
    {
      "file_path": "./custom_data\\images/0055.jpg",
      "sharpness": 12.3549040875469,
      "transform_matrix": [
        [
          0.5868958453575225,
          0.17482631903402052,
          -0.7905624737568139,
          -2.69865952901044
        ],
        [
          -0.8075817798249981,
          0.19635444663891663,
          -0.556108442823803,
          -1.637956891203506
        ],
        [
          0.05800806502538573,
          0.9648215842809129,
          0.2564261588356029,
          0.9167192177255765
        ],
        [
          0.0,
          0.0,
          0.0,
          1.0
        ]
      ]
    },
    {
      "file_path": "./custom_data\\images/0054.jpg",
      "sharpness": 20.81330759398706,
      "transform_matrix": [
        [
          0.5231148773158423,
          0.1796871980386217,
          -0.8331046369029882,
          -2.912250141735523
        ],
        [
          -0.8498807275003771,
          0.1830081520182586,
          -0.4941768563160295,
          -1.5840812652243363
        ],
        [
          0.06366768539049633,
          0.9665508404591378,
          0.2484469735823987,
          0.9277320728341696
        ],
        [
          0.0,
          0.0,
          0.0,
          1.0
        ]
      ]
    },
    {
      "file_path": "./custom_data\\images/0056.jpg",
      "sharpness": 12.47313040441612,
      "transform_matrix": [
        [
          0.6412506707338056,
          0.16333985284623742,
          -0.7497450698690946,
          -2.488913212071397
        ],
        [
          -0.7653742358924354,
          0.20589574022818058,
          -0.6097616117697654,
          -1.7983218808202672
        ],
        [
          0.0547709442053682,
          0.9648456025002675,
          0.25704689658552615,
          0.9506919597311216
        ],
        [
          0.0,
          0.0,
          0.0,
          1.0
        ]
      ]
    },
    {
      "file_path": "./custom_data\\images/0057.jpg",
      "sharpness": 10.966480272527635,
      "transform_matrix": [
        [
          0.7005665680146416,
          0.1528575285932235,
          -0.6970229980208383,
          -2.343595645339049
        ],
        [
          -0.712098779299315,
          0.21280855532201784,
          -0.6690499587491824,
          -2.1637979329845067
        ],
        [
          0.04606313403523821,
          0.9650632594654408,
          0.2579362187640447,
          0.9923064968630078
        ],
        [
          0.0,
          0.0,
          0.0,
          1.0
        ]
      ]
    },
    {
      "file_path": "./custom_data\\images/0058.jpg",
      "sharpness": 12.624736454232563,
      "transform_matrix": [
        [
          0.7498946064599735,
          0.14799864302216692,
          -0.6447902611727618,
          -2.237969355205117
        ],
        [
          -0.6606572744879636,
          0.21835613650418892,
          -0.7182287680935661,
          -2.5110810618231434
        ],
        [
          0.03449702722788089,
          0.9645812559605355,
          0.2615204691788709,
          0.9980923187744338
        ],
        [
          0.0,
          0.0,
          0.0,
          1.0
        ]
      ]
    },
    {
      "file_path": "./custom_data\\images/0052.jpg",
      "sharpness": 13.989400679636594,
      "transform_matrix": [
        [
          0.40837128064959877,
          0.18864801505327017,
          -0.8931096369396466,
          -3.0985588180116586
        ],
        [
          -0.9102428027693293,
          0.15757074554750025,
          -0.3829223160829653,
          -1.2221718893208373
        ],
        [
          0.06849041649958504,
          0.9693210957163535,
          0.23606286511110408,
          0.918561400845594
        ],
        [
          0.0,
          0.0,
          0.0,
          1.0
        ]
      ]
    },
    {
      "file_path": "./custom_data\\images/0061.jpg",
      "sharpness": 11.942647327423932,
      "transform_matrix": [
        [
          0.8602244298016624,
          0.12570510108559682,
          -0.49417826537684223,
          -1.7838494741872324
        ],
        [
          -0.5097678097037264,
          0.23533462033700528,
          -0.8274988801568285,
          -2.8808834831011887
        ],
        [
          0.01227642408292669,
          0.9637509242887614,
          0.26652100364098136,
          1.0210919565958934
        ],
        [
          0.0,
          0.0,
          0.0,
          1.0
        ]
      ]
    },
    {
      "file_path": "./custom_data\\images/0062.jpg",
      "sharpness": 18.91424464936223,
      "transform_matrix": [
        [
          0.8920607640488581,
          0.11275436816129986,
          -0.4376231777939936,
          -1.6684828043931
        ],
        [
          -0.45186562803334285,
          0.23692955133487417,
          -0.8600475811874538,
          -3.2105936842167333
        ],
        [
          0.006711741563027263,
          0.9649615744682827,
          0.26230537997224956,
          1.0805581757280818
        ],
        [
          0.0,
          0.0,
          0.0,
          1.0
        ]
      ]
    },
    {
      "file_path": "./custom_data\\images/0060.jpg",
