{
  "camera_angle_x": 0.653963156528579,
  "camera_angle_y": 1.082876245855127,
  "fl_x": 3184.377325496477,
  "fl_y": 3192.624109858343,
  "k1": 0.07524212349442734,
  "k2": -0.1040284362378435,
  "k3": 0,
  "k4": 0,
  "p1": 0.0005348381431494348,
  "p2": 0.0003627758465875482,
  "is_fisheye": false,
  "cx": 1082.495158767097,
  "cy": 1934.581571988518,
  "w": 2160.0,
  "h": 3840.0,
  "aabb_scale": 16,
  "frames": [
    {
      "file_path": "./images/0008.jpg",
      "sharpness": 22.8491123825492,
      "transform_matrix": [
        [
          -0.1383205947670471,
          -0.24397721165498532,
          0.9598658933902184,
          4.538003784466143
        ],
        [
          0.9872612255638517,
          0.04297943924854968,
          0.15319282065467743,
          0.6416154883370124
        ],
        [
          -0.07863005508061022,
          0.968828100352365,
          0.2349242993885384,
          1.1523384140071966
        ],
        [
          0.0,
          0.0,
          0.0,
          1.0
        ]
      ]
    },
    {
      "file_path": "./images/0007.jpg",
      "sharpness": 34.34630002732974,
      "transform_matrix": [
        [
          -0.07545397607485992,
          -0.24199752187064913,
          0.9673385637616296,
          4.578846733386471
        ],
        [
          0.9948383240770594,
          0.04773874779438891,
          0.08954172718160754,
          0.25374862602806414
        ],
        [
          -0.0678484078091696,
          0.9691017549281922,
          0.23714633075467645,
          1.171816074539405
        ],
        [
          0.0,
          0.0,
          0.0,
          1.0
        ]
      ]
    },
    {
      "file_path": "./images/0006.jpg",
      "sharpness": 30.60490873035143,
      "transform_matrix": [
        [
          -0.0423975383759557,
          -0.24058679373140787,
          0.9697012134978246,
          4.562465807594141
        ],
        [
          0.9971833626852532,
          0.0499127391373546,
          0.055982672816073914,
          0.09493109409234272
        ],
        [
          -0.061869135467826804,
          0.9693434443948394,
          0.23779297071772354,
          1.1709544184142295
        ],
        [
          0.0,
          0.0,
          0.0,
          1.0
        ]
      ]
    },
    {
      "file_path": "./images/0005.jpg",
      "sharpness": 41.78326374848081,
      "transform_matrix": [
        [
          -0.02877982879328759,
          -0.23738426499322499,
          0.970989408915313,
          4.5081921076924365
        ],
        [
          0.9979285094162628,
          0.04908995134651923,
          0.04157964371090925,
          0.0427804727438736
        ],
        [
          -0.057536176002632534,
          0.9701746685251222,
          0.23547972532834055,
          1.1636567122481156
        ],
        [
          0.0,
          0.0,
          0.0,
          1.0
        ]
      ]
    },
    {
      "file_path": "./images/0003.jpg",
      "sharpness": 45.147544608172396,
      "transform_matrix": [
        [
          -0.030594919406782366,
          -0.23362995630409114,
          0.9718441204541469,
          4.4564909649341855
        ],
        [
          0.9981561570710754,
          0.043853936160030145,
          0.04196568103187423,
          0.006662441289540387
        ],
        [
          -0.05242363024164502,
          0.9713361291736512,
          0.23185747171868856,
          1.1490994224217015
        ],
        [
          0.0,
          0.0,
          0.0,
          1.0
        ]
      ]
    },
    {
      "file_path": "./images/0002.jpg",
      "sharpness": 45.538277749779894,
      "transform_matrix": [
        [
          -0.03470051228877155,
          -0.23302735213827977,
          0.971850877264497,
          4.4487047721411335
        ],
        [
          0.9980709220415983,
          0.04201202093450661,
          0.04571022502817947,
          -0.0007664829364862329
        ],
        [
          -0.051481152104816255,
          0.9715622693836254,
          0.23111998556085114,
          1.139503206121692
        ],
        [
          0.0,
          0.0,
          0.0,
          1.0
        ]
      ]
    },
    {
      "file_path": "./images/0001.jpg",
      "sharpness": 45.791140166536834,
      "transform_matrix": [
        [
          -0.03780991815165219,
          -0.2330839830729,
          0.9717212907833659,
          4.4451444157998266
        ],
        [
          0.9979677826305344,
          0.04110385144705747,
          0.04869063798931316,
          -0.004586221929330248
        ],
        [
          -0.05129049542521216,
          0.9715875309350845,
          0.23105617249502408,
          1.1389967851809824
        ],
        [
          0.0,
          0.0,
          0.0,
          1.0
        ]
      ]
    },
    {
      "file_path": "./images/0004.jpg",
      "sharpness": 48.86069818009463,
      "transform_matrix": [
        [
          -0.02811724674846791,
          -0.23491781383227195,
          0.9716084814455899,
          4.480815507777236
        ],
        [
          0.9981259269428929,
          0.04625180222865945,
          0.0400675024812591,
          0.01389159800855154
        ],
        [
          -0.05435121341612609,
          0.9709142040223164,
          0.23317708735090986,
          1.160771183648198
        ],
        [
          0.0,
          0.0,
          0.0,
          1.0
        ]
      ]
    },
    {
      "file_path": "./images/0010.jpg",
      "sharpness": 25.672482744240316,
      "transform_matrix": [
        [
          -0.26136916314097947,
          -0.25035004677828726,
          0.9322076027766278,
          4.450048164637426
        ],
        [
          0.9610874912478106,
          0.021977283216876142,
          0.2753685406677548,
          1.452800264557079
        ],
        [
          -0.08942591754058822,
          0.9679059113044086,
          0.23486411426940892,
          1.0666309548117265
        ],
        [
          0.0,
          0.0,
          0.0,
          1.0
        ]
      ]
    },
    {
      "file_path": "./images/0009.jpg",
      "sharpness": 16.629620665939953,
      "transform_matrix": [
        [
          -0.19831621517563974,
          -0.2463236823891133,
          0.9486808326988219,
          4.5386476812325025
        ],
        [
          0.9764528507930912,
          0.03420241868112967,
          0.21300240546646418,
          1.1241008033942723
        ],
        [
          -0.08491471590696628,
          0.9685839344569445,
          0.23374056766400741,
          1.1262066613902888
        ],
        [
          0.0,
          0.0,
          0.0,
          1.0
        ]
      ]
    },
    {
      "file_path": "./images/0013.jpg",
      "sharpness": 14.262494453688983,
      "transform_matrix": [
        [
          -0.4880275064866399,
          -0.23971747091139592,
          0.8392643725845451,
          3.92538108795218
        ],
        [
          0.8686545628970305,
          -0.03947257557312376,
          0.4938432606970426,
          2.196995796249156
        ],
        [
          -0.08525493110825848,
          0.9700399218356879,
          0.22749537754487725,
          1.0253119945414748
        ],
        [
          0.0,
          0.0,
          0.0,
          1.0
        ]
      ]
    },
    {
      "file_path": "./images/0011.jpg",
      "sharpness": 12.513973762592398,
      "transform_matrix": [
        [
          -0.3431129790091694,
          -0.25527516182856197,
          0.9039403052338734,
          4.244188138470555
        ],
        [
          0.9344835526024156,
          0.004502120581477085,
          0.35597783754881784,
          1.6599421569870545
        ],
        [
          -0.09494194834027611,
          0.9668579640780788,
          0.23700570411214197,
          0.9858032283076266
        ],
        [
          0.0,
          0.0,
          0.0,
          1.0
        ]
      ]
    },
    {
      "file_path": "./images/0015.jpg",
      "sharpness": 17.908216222338314,
      "transform_matrix": [
        [
          -0.6211272137300493,
          -0.2196434971165123,
          0.7523016140989116,
          3.668554833894136
        ],
        [
          0.78047689827029,
          -0.08625961485147339,
          0.619205208401994,
          2.9025906193189113
        ],
        [
          -0.07111114992185888,
          0.9717592361575162,
          0.2250048695848578,
          1.006863560203678
        ],
        [
          0.0,
          0.0,
          0.0,
          1.0
        ]
      ]
    },
    {
      "file_path": "./images/0012.jpg",
      "sharpness": 21.96966771789739,
      "transform_matrix": [
        [
          -0.4103441257914963,
          -0.25016495656515086,
          0.8769465165975757,
          4.023145282928234
        ],
        [
          0.9074451155031747,
          -0.016751093288317823,
          0.4198365910960714,
          1.930463936212851
        ],
        [
          -0.09033858966761836,
          0.9680583119925933,
          0.23388468063655665,
          0.9830567254788825
        ],
        [
          0.0,
          0.0,
          0.0,
          1.0
        ]
      ]
    },
    {
      "file_path": "./images/0014.jpg",
      "sharpness": 24.605023256220623,
      "transform_matrix": [
        [
          -0.5631668556362148,
          -0.2285840383784019,
          0.7940985015405166,
          3.8227817066062464
        ],
        [
          0.8226232491406614,
          -0.06400149010533854,
          0.5649732730294874,
          2.6129226019708875
        ],
        [
          -0.07832038493593416,
          0.971418111165507,
          0.22408206229119054,
          1.0198058045837146
        ],
        [
          0.0,
          0.0,
          0.0,
          1.0
        ]
      ]
    },
    {
      "file_path": "./images/0016.jpg",
      "sharpness": 31.151180433811607,
      "transform_matrix": [
        [
          -0.6712877334813846,
          -0.21173711485043178,
          0.7103099134249035,
          3.367214160174343
        ],
        [
          0.7381222407533591,
          -0.1037726483895556,
          0.6666384290989773,
          3.0155150519758798
        ],
        [
          -0.06744135673238334,
          0.9718017450479574,
          0.22594917959883745,
          0.9239426764154903
        ],
        [
          0.0,
          0.0,
          0.0,
          1.0
        ]
      ]
    },
    {
      "file_path": "./images/0017.jpg",
      "sharpness": 32.142442247049985,
      "transform_matrix": [
        [
          -0.7136661383750091,
          -0.2022771164740498,
          0.6706449217919267,
          3.02635343215745
        ],
        [
          0.6975377561359704,
          -0.11746857071001844,
          0.7068537427645377,
          3.1045802680788435
        ],
        [
          -0.06420063643847071,
          0.9722577349054132,
          0.22492926718201361,
          0.9342327874088853
        ],
        [
          0.0,
          0.0,
          0.0,
          1.0
        ]
      ]
    },
    {
      "file_path": "./images/0018.jpg",
      "sharpness": 20.68413158209519,
      "transform_matrix": [
        [
          -0.7649894657654648,
          -0.18889548531054995,
          0.615718777474436,
          2.8091094265934453
        ],
        [
          0.6406114358237412,
          -0.12461825509896744,
          0.757685474842977,
          3.234762160418748
        ],
        [
          -0.06639356580268493,
          0.9740578967199186,
          0.2163402604581973,
          0.930043211699397
        ],
        [
          0.0,
          0.0,
          0.0,
          1.0
        ]
      ]
    },
    {
      "file_path": "./images/0019.jpg",
      "sharpness": 22.29212033805967,
      "transform_matrix": [
        [
          -0.8110754385882903,
          -0.17446195291014097,
          0.5583186007496491,
          2.4967312672141992
        ],
        [
          0.5814772225862833,
          -0.13674719288621143,
          0.8019878084180438,
          3.5159219326663624
        ],
        [
          -0.06356785787806409,
          0.9751221627372928,
          0.21235794127106916,
          0.8962882324734623
        ],
        [
          0.0,
          0.0,
          0.0,
          1.0
        ]
      ]
    },
    {
      "file_path": "./images/0022.jpg",
      "sharpness": 23.551222020111084,
      "transform_matrix": [
        [
          -0.9333379959915502,
          -0.13787303621504507,
          0.3314682656918686,
          1.5298606136062163
        ],
        [
          0.35189783610550923,
          -0.16862295358871507,
          0.9207248299396361,
          3.847181697858694
        ],
        [
          -0.07104996984046684,
          0.9759904330701358,
          0.2058994326820384,
          0.8018725835094765
        ],
        [
          0.0,
          0.0,
          0.0,
          1.0
        ]
      ]
    },
    {
      "file_path": "./images/0021.jpg",
      "sharpness": 33.34506026132792,
      "transform_matrix": [
        [
          -0.8979548877462185,
          -0.1481728245641212,
          0.41439333207813456,
          1.8481903114296214
        ],
        [
          0.43523319464236326,
          -0.1595265938878947,
          0.886071854944069,
          3.849752016499411
        ],
        [
          -0.06518501271755282,
          0.9760102868002458,
          0.20773741650136598,
          0.8106387136006105
        ],
        [
          0.0,
          0.0,
          0.0,
          1.0
        ]
      ]
    },
    {
      "file_path": "./images/0020.jpg",
      "sharpness": 30.446943832394997,
      "transform_matrix": [
        [
          -0.8558624301378134,
          -0.16037278937499377,
          0.4917113677190446,
          2.1483976804514855
        ],
        [
          0.5134052835060001,
          -0.14842657504351256,
          0.8452127345757813,
          3.7968042536348885
        ],
        [
          -0.0625660896386853,
          0.9758330391443742,
          0.20936896660949,
          0.8495966836999704
        ],
        [
          0.0,
          0.0,
          0.0,
          1.0
        ]
      ]
    },
    {
      "file_path": "./images/0023.jpg",
      "sharpness": 16.74891275518387,
      "transform_matrix": [
        [
          -0.962859229782965,
          -0.13232791682671913,
          0.2353538316822349,
          1.1106518494780588
        ],
        [
          0.2567299348362472,
          -0.17874836003610642,
          0.9498098569416262,
          3.873553016507896
        ],
        [
          -0.08361724830915618,
          0.9749555611663239,
          0.2060820457332735,
          0.7820015509861458
        ],
        [
          0.0,
          0.0,
          0.0,
          1.0
        ]
      ]
    },
    {
      "file_path": "./images/0024.jpg",
      "sharpness": 19.735318761157423,
      "transform_matrix": [
        [
          -0.9780144182059498,
          -0.12386912995518355,
          0.16776244056068407,
          0.6956774188477046
        ],
        [
          0.18926112838920464,
          -0.18942542234451135,
          0.9634823478666036,
          3.935046613850748
        ],
        [
          -0.08756724900066011,
          0.9740505367023005,
          0.20870440553559064,
          0.7782283479565204
        ],
        [
          0.0,
          0.0,
          0.0,
          1.0
        ]
      ]
    },
    {
      "file_path": "./images/0025.jpg",
      "sharpness": 30.362262971839083,
      "transform_matrix": [
        [
          -0.9877398761686015,
          -0.11450941966020924,
          0.10610150740197315,
          0.42368152570160883
        ],
        [
          0.12766689449831659,
          -0.20138519691567597,
          0.971156612762578,
          3.9350388361183364
        ],
        [
          -0.08983930716542089,
          0.9727957623820279,
          0.21353525146250268,
          0.7533316011955407
        ],
        [
          0.0,
          0.0,
          0.0,
          1.0
        ]
      ]
    },
    {
      "file_path": "./images/0026.jpg",
      "sharpness": 38.69084864485487,
      "transform_matrix": [
        [
          -0.994029330499583,
          -0.1001117505359489,
          0.04339732190622018,
          0.18703913551128135
        ],
        [
          0.06406504750771443,
          -0.2135355767784442,
          0.974832409769918,
          3.83080207212936
        ],
        [
          -0.08832530685735947,
          0.9717922591225164,
          0.2186742904770853,
          0.7234682549560737
        ],
        [
          0.0,
          0.0,
          0.0,
          1.0
        ]
      ]
    },
    {
      "file_path": "./images/0027.jpg",
      "sharpness": 15.279029937757864,
      "transform_matrix": [
        [
          -0.9962622272332817,
          -0.08416016461039333,
          -0.019458708034849958,
          -0.13444440205490002
        ],
        [
          -0.00016141147331600355,
          -0.22345344226005992,
          0.974714590579499,
          3.7041998660373245
        ],
        [
          -0.08638025568364353,
          0.9710744697862409,
          0.22260463965278657,
          0.7334182777267491
        ],
        [
          0.0,
          0.0,
          0.0,
          1.0
        ]
      ]
    },
    {
      "file_path": "./images/0031.jpg",
      "sharpness": 25.642475887068876,
      "transform_matrix": [
        [
          -0.9472995291400506,
          -0.005841987174531919,
          -0.3202959152320615,
          -1.465473955673871
        ],
        [
          -0.31078797242105366,
          -0.2256905670641524,
          0.9232955128975583,
          3.741876316690988
        ],
        [
          -0.07768164728170611,
          0.974181522694697,
          0.2119809485623401,
          0.6728288610903116
        ],
        [
          0.0,
          0.0,
          0.0,
          1.0
        ]
      ]
    },
    {
      "file_path": "./images/0028.jpg",
      "sharpness": 37.90978274169114,
      "transform_matrix": [
        [
          -0.9934942750190441,
          -0.064671973755456,
          -0.09373719300475718,
          -0.320267197480425
        ],
        [
          -0.07683581310067278,
          -0.22687436142009446,
          0.9708883983009979,
          3.6752565937825334
        ],
        [
          -0.08405583481866519,
          0.9717744388367459,
          0.2204292555311395,
          0.7328082382818393
        ],
        [
          0.0,
          0.0,
          0.0,
          1.0
        ]
      ]
    },
    {
      "file_path": "./images/0030.jpg",
      "sharpness": 20.88635645603431,
      "transform_matrix": [
        [
          -0.9687210271429367,
          -0.02382169508815594,
          -0.24700627208982623,
          -1.062977305322897
        ],
        [
          -0.23533175503217432,
          -0.22761357798685392,
          0.9448867785029023,
          3.7478974250122934
        ],
        [
          -0.07873078610588584,
          0.973460110119966,
          0.21488805774616715,
          0.7150010181815183
        ],
        [
          0.0,
          0.0,
          0.0,
          1.0
        ]
      ]
    },
    {
      "file_path": "./images/0029.jpg",
      "sharpness": 39.32739161042162,
      "transform_matrix": [
        [
          -0.9853012504071756,
          -0.0433382646459201,
          -0.16523692323748312,
          -0.6202107084219733
        ],
        [
          -0.1512624881586844,
          -0.22813565329379776,
          0.9618075604674514,
          3.6953527321544906
        ],
        [
          -0.07937950402502551,
          0.9726643401242422,
          0.2182268907100153,
          0.7218596595484601
        ],
        [
          0.0,
          0.0,
          0.0,
          1.0
        ]
      ]
    },
    {
      "file_path": "./images/0032.jpg",
      "sharpness": 40.83825448206236,
      "transform_matrix": [
        [
          -0.9162004123563238,
          0.014315243222824068,
          -0.40046457801786506,
          -1.678606372202698
        ],
        [
          -0.39345108309125654,
          -0.22162536779860406,
          0.8922322800496205,
          3.5858417979424266
        ],
        [
          -0.07598058729335692,
          0.9750268048598976,
          0.20868560131643796,
          0.6615975958830486
        ],
        [
          0.0,
          0.0,
          0.0,
          1.0
        ]
      ]
    },
    {
      "file_path": "./images/0033.jpg",
      "sharpness": 25.586306302298862,
      "transform_matrix": [
        [
          -0.880712740089543,
          0.037211159134617276,
          -0.47218682649697047,
          -1.872185410927536
        ],
        [
          -0.4685992149249623,
          -0.21366207619747105,
          0.8571833485123174,
          3.317041174122875
        ],
        [
          -0.06899163171340186,
          0.976198671821803,
          0.20561203253802512,
          0.67733239263226
        ],
        [
          0.0,
          0.0,
          0.0,
          1.0
        ]
      ]
    },
    {
      "file_path": "./images/0034.jpg",
      "sharpness": 40.026704159364826,
      "transform_matrix": [
        [
          -0.8369503448379135,
          0.06312479091687877,
          -0.5436261409138182,
          -2.0683664692418176
        ],
        [
          -0.5442507381704513,
          -0.20035056302092857,
          0.8146476452419225,
          3.0333055328878054
        ],
        [
          -0.057491341128154086,
          0.9776885560877214,
          0.20203918686220312,
          0.6815938694788009
        ],
        [
          0.0,
          0.0,
          0.0,
          1.0
        ]
      ]
    },
    {
      "file_path": "./images/0035.jpg",
      "sharpness": 16.94430553490257,
      "transform_matrix": [
        [
          -0.7825345954081594,
          0.08969108779696348,
          -0.6161129083184659,
          -2.18287843767444
        ],
        [
          -0.6211341358184468,
          -0.1804920951307431,
          0.7626368656945975,
          2.89716064814416
        ],
        [
          -0.04280177958128015,
          0.9794784900146496,
          0.19695150494689054,
          0.7273773988550458
        ],
        [
          0.0,
          0.0,
          0.0,
          1.0
        ]
      ]
    },
    {
      "file_path": "./images/0037.jpg",
      "sharpness": 22.134452520884153,
      "transform_matrix": [
        [
          -0.668751697030025,
          0.13233366656750298,
          -0.7316139476866989,
          -2.7829498800191823
        ],
        [
          -0.7432222231568074,
          -0.14519068266076796,
          0.6531005991992708,
          2.4699362647994554
        ],
        [
          -0.019796331579298502,
          0.9805138787380755,
          0.1954498372871278,
          0.727357961884292
        ],
        [
          0.0,
          0.0,
          0.0,
          1.0
        ]
      ]
    },
    {
      "file_path": "./images/0039.jpg",
      "sharpness": 34.46413760361144,
      "transform_matrix": [
        [
          -0.5278527175140864,
          0.16454335254155036,
          -0.8332448582408621,
          -3.1514518512128618
        ],
        [
          -0.8492944953824101,
          -0.11194640248924544,
          0.5159136197881845,
          1.9017245478967597
        ],
        [
          -0.008388607650931192,
          0.9799966776173832,
          0.1988369763351799,
          0.6690936902001366
        ],
        [
          0.0,
          0.0,
          0.0,
          1.0
        ]
      ]
    },
    {
      "file_path": "./images/0036.jpg",
      "sharpness": 38.70312981106892,
      "transform_matrix": [
        [
          -0.7293422623273914,
          0.11358086903782008,
          -0.6746549122397536,
          -2.4258793832589394
        ],
        [
          -0.683582019177573,
          -0.16112250683560952,
          0.7118673758841708,
          2.722796904271425
        ],
        [
          -0.02784757551643055,
          0.9803769295613438,
          0.19515529344416044,
          0.7252672738958227
        ],
        [
          0.0,
          0.0,
          0.0,
          1.0
        ]
      ]
    },
    {
      "file_path": "./images/0038.jpg",
      "sharpness": 38.97673245309026,
      "transform_matrix": [
        [
          -0.5983532058489317,
          0.14932932512663633,
          -0.7871938730357232,
          -3.0687167211971493
        ],
        [
          -0.8010965840792504,
          -0.12959136101046206,
          0.5843375241485917,
          2.223259623703585
        ],
        [
          -0.01475479725851748,
          0.9802585535691709,
          0.19716861857274448,
          0.7100973013780837
        ],
        [
          0.0,
          0.0,
          0.0,
          1.0
        ]
      ]
    },
    {
      "file_path": "./images/0041.jpg",
      "sharpness": 29.009015234864275,
      "transform_matrix": [
        [
          -0.392414269989103,
          0.18920295418344893,
          -0.9001184826869335,
          -3.1518836367546044
        ],
        [
          -0.9197319745630849,
          -0.06985834933003483,
          0.3862808641329067,
          1.2776995190652891
        ],
        [
          0.01020468923651666,
          0.9794498727318567,
          0.2014294197993019,
          0.7170437271903923
        ],
        [
          0.0,
          0.0,
          0.0,
          1.0
        ]
      ]
    },
    {
      "file_path": "./images/0040.jpg",
      "sharpness": 41.310213153468254,
      "transform_matrix": [
        [
          -0.4522309243276989,
          0.17978745848803013,
          -0.8735923882965003,
          -3.111771071058534
        ],
        [
          -0.8919005549761673,
          -0.09200403664454262,
          0.44277382180342173,
          1.5657392399226158
        ],
        [
          -0.0007688459981556023,
          0.9793935506468735,
          0.20195960453686967,
          0.6499289234851593
        ],
        [
          0.0,
          0.0,
          0.0,
          1.0
        ]
      ]
    },
    {
      "file_path": "./images/0042.jpg",
      "sharpness": 48.18369766071245,
      "transform_matrix": [
        [
          -0.3339574055807981,
          0.19248430797149715,
          -0.9227254426317341,
          -3.1907781959946035
        ],
        [
          -0.9424526256503899,
          -0.05158646412794138,
          0.3303360185077566,
          1.159079907830731
        ],
        [
          0.01598435697426445,
          0.9799431758734368,
          0.19863502316749004,
          0.7447715196140721
        ],
        [
          0.0,
          0.0,
          0.0,
          1.0
        ]
      ]
    },
    {
      "file_path": "./images/0043.jpg",
      "sharpness": 44.34079497849137,
      "transform_matrix": [
        [
          -0.27337968624912573,
          0.19327894808974153,
          -0.9422880639215936,
          -3.264708380649291
        ],
        [
          -0.9617958863270036,
          -0.040088950005998915,
          0.27081644915322883,
          1.0001683733988072
        ],
        [
          0.01456777933193276,
          0.980324499515438,
          0.19685440176102093,
          0.7539514408989314
        ],
        [
          0.0,
          0.0,
          0.0,
          1.0
        ]
      ]
    },
    {
      "file_path": "./images/0045.jpg",
      "sharpness": 29.496468647519116,
      "transform_matrix": [
        [
          -0.11916647004228108,
          0.19784826890165993,
          -0.9729621857748283,
          -3.629081591266209
        ],
        [
          -0.9928648172722055,
          -0.01946562543923583,
          0.11764584161534423,
          0.34816634254808276
        ],
        [
          0.0043367086322417025,
          0.9800393624525451,
          0.19875623522142777,
          0.7994741983902084
        ],
        [
          0.0,
          0.0,
          0.0,
          1.0
        ]
      ]
    },
    {
      "file_path": "./images/0044.jpg",
      "sharpness": 25.596572866138864,
      "transform_matrix": [
        [
          -0.1988830773808692,
          0.19553568007493863,
          -0.960318342731513,
          -3.410382647920308
        ],
        [
          -0.9799993821702387,
          -0.03284526906120734,
          0.19627123896878296,
          0.7201936397167717
        ],
        [
          0.006836115839482497,
          0.9801464105710981,
          0.198157213853973,
          0.7693282231981449
        ],
        [
          0.0,
          0.0,
          0.0,
          1.0
        ]
      ]
    },
    {
      "file_path": "./images/0047.jpg",
      "sharpness": 22.128616776285405,
      "transform_matrix": [
        [
          0.042957653749598534,
          0.2015152302163472,
          -0.9785429229280822,
          -3.6155629371672093
        ],
        [
          -0.9988519707763263,
          0.02944475542411439,
          -0.03778553763487208,
          -0.2428669622646383
        ],
        [
          0.02119859572227569,
          0.979042705098404,
          0.20254876245129455,
          0.7586007500253982
        ],
        [
          0.0,
          0.0,
          0.0,
          1.0
        ]
      ]
    },
    {
      "file_path": "./images/0046.jpg",
      "sharpness": 29.971941651421115,
      "transform_matrix": [
        [
          -0.035344086124360165,
          0.19968491134173905,
          -0.9792225139343604,
          -3.754762569135495
        ],
        [
          -0.9993390367550333,
          0.001273993975525208,
          0.03632996775344227,
          0.020613925946736396
        ],
        [
          0.008502069973345378,
          0.9798593333531791,
          0.19950789880197495,
          0.8006867034394073
        ],
        [
          0.0,
          0.0,
          0.0,
          1.0
        ]
      ]
    },
    {
      "file_path": "./images/0048.jpg",
      "sharpness": 17.245795064729418,
      "transform_matrix": [
        [
          0.1172904837990681,
          0.20259364652646605,
          -0.9722133288711602,
          -3.4009760463164955
        ],
        [
          -0.9923582251274972,
          0.061680327224418185,
          -0.1068676295956179,
          -0.46570324436316846
        ],
        [
          0.03831573348129816,
          0.9773184494616102,
          0.2082799869101483,
          0.8163918058713969
        ],
        [
          0.0,
          0.0,
          0.0,
          1.0
        ]
      ]
    },
    {
      "file_path": "./images/0049.jpg",
      "sharpness": 19.593476072200968,
      "transform_matrix": [
        [
          0.1894436665472525,
          0.20093194912989013,
          -0.9611126099794184,
          -3.2663366485773704
        ],
        [
          -0.9804020644133835,
          0.09260409758075884,
          -0.17388580507138196,
          -0.5858049811408197
        ],
        [
          0.05406375218161899,
          0.9752183514308008,
          0.21453735751654787,
          0.8159360552292215
        ],
        [
          0.0,
          0.0,
          0.0,
          1.0
        ]
      ]
    },
    {
      "file_path": "./images/0051.jpg",
      "sharpness": 12.441887176648539,
      "transform_matrix": [
        [
          0.3398733693921047,
          0.1946560467565787,
          -0.9201060353440856,
          -3.174498135854039
        ],
        [
          -0.9380590915115775,
          0.1401909161775796,
          -0.3168464105112422,
          -0.8941623756312116
        ],
        [
          0.0673144383762773,
          0.9708014887294425,
          0.2302460334171514,
          0.851416951625778
        ],
        [
          0.0,
          0.0,
          0.0,
          1.0
        ]
      ]
    },
    {
      "file_path": "./images/0050.jpg",
      "sharpness": 13.446803743458029,
      "transform_matrix": [
        [
          0.2631123717964676,
          0.19856935162270084,
          -0.9441091528214469,
          -3.2144909095059924
        ],
        [
          -0.9625799567591323,
          0.11985910135576716,
          -0.24305065864520586,
          -0.6896383817384101
        ],
        [
          0.06489766294028435,
          0.9727301827616041,
          0.22267529033777766,
          0.8254741607485123
        ],
        [
          0.0,
          0.0,
          0.0,
          1.0
        ]
      ]
    },
    {
      "file_path": "./images/0052.jpg",
      "sharpness": 13.989400679636594,
      "transform_matrix": [
        [
          0.4043925549129115,
          0.18939932965804576,
          -0.8947594958945917,
          -3.1050774023223804
        ],
        [
          -0.9120188934965414,
          0.15675176236113675,
          -0.3790124310654146,
          -1.2074864534515486
        ],
        [
          0.06847042749498375,
          0.969307370733606,
          0.23612501273203945,
          0.9187041339299904
        ],
        [
          0.0,
          0.0,
          0.0,
          1.0
        ]
      ]
    },
    {
      "file_path": "./images/0053.jpg",
      "sharpness": 17.34303722933336,
      "transform_matrix": [
        [
          0.46754313327549823,
          0.1855082393170311,
          -0.8642858969749987,
          -3.04148682524059
        ],
        [
          -0.8815354519028357,
          0.1703659390777178,
          -0.44030749918747086,
          -1.4596070460670376
        ],
        [
          0.06556420953742048,
          0.9677614065379124,
          0.24318551453785736,
          0.9160750446958692
        ],
        [
          0.0,
          0.0,
          0.0,
          1.0
        ]
      ]
    },
    {
      "file_path": "./images/0055.jpg",
      "sharpness": 12.3549040875469,
      "transform_matrix": [
        [
          0.583338435448718,
          0.1757176567693214,
          -0.7929940572697842,
          -2.7073972144285077
        ],
        [
          -0.8101526138377197,
          0.19564602827052038,
          -0.5526077939316228,
          -1.6249893166302833
        ],
        [
          0.05804319108483009,
          0.964803574183735,
          0.2564859669621861,
          0.9169179476928456
        ],
        [
          0.0,
          0.0,
          0.0,
          1.0
        ]
      ]
    },
    {
      "file_path": "./images/0054.jpg",
      "sharpness": 20.81330759398706,
      "transform_matrix": [
        [
          0.5193765910492842,
          0.18054235005551175,
          -0.8352558988381412,
          -2.9205591529764274
        ],
        [
          -0.8521698956072569,
          0.18225578537969894,
          -0.4904990292716593,
          -1.57011191684961
        ],
        [
          0.06367437239111916,
          0.9665336458543419,
          0.2485121441090124,
          0.9279208741171242
        ],
        [
          0.0,
          0.0,
          0.0,
          1.0
        ]
      ]
    },
    {
      "file_path": "./images/0056.jpg",
      "sharpness": 12.47313040441612,
      "transform_matrix": [
        [
          0.6378634609146675,
          0.1642960443192786,
          -0.7524207699741237,
          -2.4983837568074834
        ],
        [
          -0.7681986895354062,
          0.20522396271373936,
          -0.6064271584652583,
          -1.7862747917767623
        ],
        [
          0.05478118873859027,
          0.9648263755646411,
          0.25711687306112946,
          0.9509000916298362
        ],
        [
          0.0,
          0.0,
          0.0,
          1.0
        ]
      ]
    },
    {
      "file_path": "./images/0057.jpg",
      "sharpness": 10.966480272527635,
      "transform_matrix": [
        [
          0.6973959347794042,
          0.15382157591492523,
          -0.6999841662306814,
          -2.354873827780235
        ],
        [
          -0.7152003373963367,
          0.2122280539188042,
          -0.6659187116443689,
          -2.1522706891436294
        ],
        [
          0.04612361171674076,
          0.9650379142545991,
          0.2580202250423093,
          0.9925027906447066
        ],
        [
          0.0,
          0.0,
          0.0,
          1.0
        ]
      ]
    },
    {
      "file_path": "./images/0058.jpg",
      "sharpness": 12.624736454232563,
      "transform_matrix": [
        [
          0.7469292345613122,
          0.14898104317052838,
          -0.6479979686472224,
          -2.250910955123715
        ],
        [
          -0.6640043194027925,
          0.21780211099705923,
          -0.7153044836010418,
          -2.4998168129048843
        ],
        [
          0.034568517341731754,
          0.9645552805603921,
          0.26160682022723614,
          0.9982211154610213
        ],
        [
          0.0,
          0.0,
          0.0,
          1.0
        ]
      ]
    },
    {
      "file_path": "./images/0059.jpg",
      "sharpness": 21.020080654153563,
      "transform_matrix": [
        [
          0.7879589626784382,
          0.14657853655871922,
          -0.5980262584472996,
          -2.104743517513152
        ],
        [
          -0.6152921852172324,
          0.22397309114979286,
          -0.7558118689538443,
          -2.675361174307878
        ],
        [
          0.0231559920282216,
          0.9635096196182478,
          0.26667023263543255,
          1.0006442257204553
        ],
        [
          0.0,
          0.0,
          0.0,
          1.0
        ]
      ]
    },
    {
      "file_path": "./images/0060.jpg",
      "sharpness": 20.21183085889726,
      "transform_matrix": [
        [
          0.8217914744472659,
          0.14021944988580282,
          -0.5522655868664682,
          -1.921402445364271
        ],
        [
          -0.5695176653835546,
          0.23201193318454763,
          -0.7885556997930638,
          -2.7032832217932703
        ],
        [
          0.017561360010890287,
          0.9625533589206073,
          0.2705228824014187,
          0.985373876281667
        ],
        [
          0.0,
          0.0,
          0.0,
          1.0
        ]
      ]
    },
    {
      "file_path": "./images/0061.jpg",
      "sharpness": 11.942647327423932,
      "transform_matrix": [
        [
          0.8579261876726157,
          0.12676448505819848,
          -0.4978889654038483,
          -1.798784609256603
        ],
        [
          -0.5136249718304822,
          0.2348754832288287,
          -0.8252411136693653,
          -2.8718170347417167
        ],
        [
          0.012330646520379093,
          0.9637241683913224,
          0.26661523297139533,
          1.0212839988658176
        ],
        [
          0.0,
          0.0,
          0.0,
          1.0
        ]
      ]
    },
    {
      "file_path": "./images/0062.jpg",
      "sharpness": 18.91424464936223,
      "transform_matrix": [
        [
          0.890034618864514,
          0.11381323781767709,
          -0.4414577263539614,
          -1.6849655712230327
        ],
        [
          -0.45584250278567845,
          0.2365760889285132,
          -0.8580439189234259,
          -3.2020353555714642
        ],
        [
          0.006781585725650474,
          0.9649239872032906,
          0.2624418203188983,
          1.0809125447822585
        ],
        [
          0.0,
          0.0,
          0.0,
          1.0
        ]
      ]
    },
    {
      "file_path": "./images/0063.jpg",
      "sharpness": 16.57789592973162,
      "transform_matrix": [
        [
          0.9086072932853363,
          0.10309196645772895,
          -0.4047280977125583,
